Producer 3997,Type 3997,3997,2500,29. 12. 2019 1:36:29,1. 1. 0001 0:00:00,3,track 58 
Producer 3990,Type 3990,3990,1500,29. 12. 2019 0:26:29,29. 12. 2019 1:06:29,1, Producer 994,Type 994,994,3500,8. 12. 2019 6:26:29,8. 12. 2019 6:56:29,4,track 83 
Producer 3983,Type 3983,3983,3000,28. 12. 2019 23:16:29,28. 12. 2019 23:56:29,5, Producer 987,Type 987,987,2500,8. 12. 2019 3:56:29,8. 12. 2019 4:36:29,1, 
Producer 3976,Type 3976,3976,2000,28. 12. 2019 22:06:29,28. 12. 2019 22:46:29,9, Producer 399,Type 399,399,3500,6. 12. 2019 6:36:29,6. 12. 2019 7:16:29,4,track 80 Producer 980,Type 980,980,1500,8. 12. 2019 2:46:29,8. 12. 2019 3:26:29,5, 
Producer 3969,Type 3969,3969,3500,28. 12. 2019 20:56:29,28. 12. 2019 21:36:29,2, Producer 959,Type 959,959,3500,8. 12. 2019 1:46:29,8. 12. 2019 2:16:29,3, 
Producer 3962,Type 3962,3962,2500,28. 12. 2019 19:46:29,28. 12. 2019 20:26:29,6, Producer 952,Type 952,952,2500,7. 12. 2019 22:06:29,7. 12. 2019 22:46:29,10, Producer 973,Type 973,973,3000,8. 12. 2019 1:36:29,8. 12. 2019 2:26:29,10, 
Producer 3955,Type 3955,3955,1500,28. 12. 2019 18:36:29,28. 12. 2019 19:16:29,10, Producer 945,Type 945,945,1500,7. 12. 2019 20:56:29,7. 12. 2019 21:36:29,3, Producer 966,Type 966,966,2000,8. 12. 2019 0:26:29,8. 12. 2019 1:06:29,2, Producer 98,Type 98,98,3000,5. 12. 2019 18:56:29,5. 12. 2019 19:36:29,0, 
Producer 3948,Type 3948,3948,3000,28. 12. 2019 17:26:29,28. 12. 2019 18:06:29,3, Producer 938,Type 938,938,3000,7. 12. 2019 19:46:29,7. 12. 2019 20:26:29,7, 
Producer 3941,Type 3941,3941,2000,28. 12. 2019 16:16:29,28. 12. 2019 16:56:29,7, Producer 924,Type 924,924,3500,7. 12. 2019 18:46:29,7. 12. 2019 19:16:29,4, 
Producer 3934,Type 3934,3934,3500,28. 12. 2019 15:06:29,28. 12. 2019 15:46:29,0, Producer 917,Type 917,917,2500,7. 12. 2019 16:16:29,7. 12. 2019 16:56:29,8, Producer 931,Type 931,931,2000,7. 12. 2019 18:36:29,7. 12. 2019 19:26:29,1, 
Producer 3927,Type 3927,3927,2500,28. 12. 2019 13:56:29,28. 12. 2019 14:36:29,4, Producer 910,Type 910,910,1500,7. 12. 2019 15:06:29,7. 12. 2019 15:46:29,1, 
Producer 3920,Type 3920,3920,1500,28. 12. 2019 12:46:29,28. 12. 2019 13:26:29,8, Producer 889,Type 889,889,3500,7. 12. 2019 14:06:29,7. 12. 2019 14:36:29,10, 
Producer 3913,Type 3913,3913,3000,28. 12. 2019 11:36:29,28. 12. 2019 12:16:29,1, Producer 882,Type 882,882,2500,7. 12. 2019 10:26:29,7. 12. 2019 11:06:29,6, Producer 903,Type 903,903,3000,7. 12. 2019 13:56:29,7. 12. 2019 14:46:29,6, 
Producer 3906,Type 3906,3906,2000,28. 12. 2019 10:26:29,28. 12. 2019 11:06:29,5, Producer 392,Type 392,392,2500,4. 12. 2019 0:46:29,4. 12. 2019 1:26:29,8, Producer 875,Type 875,875,1500,7. 12. 2019 9:16:29,7. 12. 2019 9:56:29,10, Producer 896,Type 896,896,2000,7. 12. 2019 12:46:29,7. 12. 2019 13:26:29,9, Producer 91,Type 91,91,2000,5. 12. 2019 10:46:29,5. 12. 2019 11:16:29,5, 
Producer 3899,Type 3899,3899,3500,28. 12. 2019 9:16:29,28. 12. 2019 9:56:29,9, Producer 868,Type 868,868,3000,7. 12. 2019 8:06:29,7. 12. 2019 8:46:29,3, 
Producer 3892,Type 3892,3892,2500,28. 12. 2019 8:06:29,28. 12. 2019 8:46:29,2, Producer 854,Type 854,854,3500,7. 12. 2019 7:06:29,7. 12. 2019 7:36:29,0, 
Producer 3885,Type 3885,3885,1500,28. 12. 2019 6:56:29,28. 12. 2019 7:36:29,6, Producer 847,Type 847,847,2500,7. 12. 2019 4:36:29,7. 12. 2019 5:16:29,4, Producer 861,Type 861,861,2000,7. 12. 2019 6:56:29,7. 12. 2019 7:46:29,8, 
Producer 3878,Type 3878,3878,3000,28. 12. 2019 5:46:29,28. 12. 2019 6:26:29,10, Producer 840,Type 840,840,1500,7. 12. 2019 3:26:29,7. 12. 2019 4:06:29,8, 
Producer 3871,Type 3871,3871,2000,28. 12. 2019 4:36:29,28. 12. 2019 5:16:29,3, Producer 819,Type 819,819,3500,7. 12. 2019 2:26:29,7. 12. 2019 2:56:29,6, 
Producer 3864,Type 3864,3864,3500,28. 12. 2019 3:26:29,28. 12. 2019 4:06:29,7, Producer 812,Type 812,812,2500,6. 12. 2019 22:46:29,6. 12. 2019 23:26:29,2, Producer 833,Type 833,833,3000,7. 12. 2019 2:16:29,7. 12. 2019 3:06:29,2, 
Producer 3857,Type 3857,3857,2500,28. 12. 2019 2:16:29,28. 12. 2019 2:56:29,0, Producer 805,Type 805,805,1500,6. 12. 2019 21:36:29,6. 12. 2019 22:16:29,6, Producer 826,Type 826,826,2000,7. 12. 2019 1:06:29,7. 12. 2019 1:46:29,5, Producer 84,Type 84,84,3500,5. 12. 2019 16:36:29,5. 12. 2019 17:16:29,8,track 77 
Producer 3850,Type 3850,3850,1500,28. 12. 2019 1:06:29,28. 12. 2019 1:46:29,4, Producer 798,Type 798,798,3000,6. 12. 2019 20:26:29,6. 12. 2019 21:06:29,10, 
Producer 3843,Type 3843,3843,3000,27. 12. 2019 23:56:29,28. 12. 2019 0:36:29,8, Producer 784,Type 784,784,3500,6. 12. 2019 19:26:29,6. 12. 2019 19:56:29,7, 
Producer 3836,Type 3836,3836,2000,27. 12. 2019 22:46:29,27. 12. 2019 23:26:29,1, Producer 385,Type 385,385,1500,5. 12. 2019 0:16:29,5. 12. 2019 0:56:29,9,track 11 Producer 777,Type 777,777,2500,6. 12. 2019 16:56:29,6. 12. 2019 17:36:29,0, Producer 791,Type 791,791,2000,6. 12. 2019 19:16:29,6. 12. 2019 20:06:29,4, 
Producer 3829,Type 3829,3829,3500,27. 12. 2019 21:36:29,27. 12. 2019 22:16:29,5, Producer 770,Type 770,770,1500,6. 12. 2019 15:46:29,6. 12. 2019 16:26:29,4, 
Producer 3822,Type 3822,3822,2500,27. 12. 2019 20:26:29,27. 12. 2019 21:06:29,9, Producer 749,Type 749,749,3500,6. 12. 2019 14:46:29,6. 12. 2019 15:16:29,2, 
Producer 3815,Type 3815,3815,1500,27. 12. 2019 19:16:29,27. 12. 2019 19:56:29,2, Producer 742,Type 742,742,2500,6. 12. 2019 11:06:29,6. 12. 2019 11:46:29,9, Producer 763,Type 763,763,3000,6. 12. 2019 14:36:29,6. 12. 2019 15:26:29,9, 
Producer 3808,Type 3808,3808,3000,27. 12. 2019 18:06:29,27. 12. 2019 18:46:29,6, Producer 735,Type 735,735,1500,6. 12. 2019 9:56:29,6. 12. 2019 10:46:29,3, Producer 756,Type 756,756,2000,6. 12. 2019 13:26:29,6. 12. 2019 14:06:29,1, Producer 77,Type 77,77,2500,5. 12. 2019 3:46:29,5. 12. 2019 4:16:29,7, 
Producer 3801,Type 3801,3801,2000,27. 12. 2019 16:56:29,27. 12. 2019 17:36:29,10, Producer 728,Type 728,728,3000,6. 12. 2019 8:46:29,6. 12. 2019 9:26:29,6, 
Producer 3794,Type 3794,3794,3500,27. 12. 2019 15:46:29,27. 12. 2019 16:26:29,3, Producer 721,Type 721,721,2000,6. 12. 2019 7:36:29,6. 12. 2019 8:26:29,0,track 20 
Producer 3787,Type 3787,3787,2500,27. 12. 2019 14:36:29,27. 12. 2019 15:16:29,7, Producer 714,Type 714,714,3500,6. 12. 2019 6:26:29,6. 12. 2019 7:06:29,3,track 70 
Producer 3780,Type 3780,3780,1500,27. 12. 2019 13:26:29,27. 12. 2019 14:06:29,0, Producer 707,Type 707,707,2500,6. 12. 2019 5:16:29,6. 12. 2019 6:06:29,8, 
Producer 3773,Type 3773,3773,3000,27. 12. 2019 12:16:29,27. 12. 2019 12:56:29,4, Producer 700,Type 700,700,1500,6. 12. 2019 4:06:29,6. 12. 2019 4:46:29,0,track 17 
Producer 3766,Type 3766,3766,2000,27. 12. 2019 11:06:29,27. 12. 2019 11:46:29,8, Producer 378,Type 378,378,3000,3. 12. 2019 22:26:29,3. 12. 2019 23:06:29,6, Producer 693,Type 693,693,3000,6. 12. 2019 2:56:29,6. 12. 2019 3:46:29,5, 
Producer 3759,Type 3759,3759,3500,27. 12. 2019 9:56:29,27. 12. 2019 10:36:29,1, Producer 686,Type 686,686,2000,6. 12. 2019 1:46:29,6. 12. 2019 2:26:29,8, Producer 70,Type 70,70,1500,5. 12. 2019 20:06:29,5. 12. 2019 20:36:29,6,track 15 
Producer 3752,Type 3752,3752,2500,27. 12. 2019 8:46:29,27. 12. 2019 9:26:29,5, Producer 553,Type 553,553,3000,6. 12. 2019 0:46:29,6. 12. 2019 1:16:29,8, Producer 7,Type 7,7,2500,4. 12. 2019 14:56:29,4. 12. 2019 15:36:29,8, 
Producer 3745,Type 3745,3745,1500,27. 12. 2019 7:36:29,27. 12. 2019 8:16:29,9, Producer 546,Type 546,546,2000,5. 12. 2019 7:16:29,5. 12. 2019 7:56:29,7, Producer 679,Type 679,679,3500,6. 12. 2019 0:36:29,6. 12. 2019 1:26:29,2,track 78 
Producer 3738,Type 3738,3738,3000,27. 12. 2019 6:26:29,27. 12. 2019 7:06:29,2, Producer 539,Type 539,539,3500,5. 12. 2019 1:16:29,5. 12. 2019 2:06:29,7, Producer 672,Type 672,672,2500,5. 12. 2019 23:26:29,6. 12. 2019 0:06:29,5, 
Producer 3731,Type 3731,3731,2000,27. 12. 2019 5:16:29,27. 12. 2019 5:56:29,6, Producer 532,Type 532,532,2500,5. 12. 2019 0:06:29,5. 12. 2019 0:46:29,6, Producer 665,Type 665,665,1500,5. 12. 2019 22:16:29,5. 12. 2019 23:06:29,10,track 16 
Producer 3724,Type 3724,3724,3500,27. 12. 2019 4:06:29,27. 12. 2019 4:46:29,10, Producer 525,Type 525,525,1500,4. 12. 2019 22:56:29,4. 12. 2019 23:46:29,5, Producer 658,Type 658,658,3000,5. 12. 2019 21:06:29,5. 12. 2019 21:46:29,2, 
Producer 3717,Type 3717,3717,2500,27. 12. 2019 2:56:29,27. 12. 2019 3:36:29,3, Producer 518,Type 518,518,3000,4. 12. 2019 21:46:29,4. 12. 2019 22:26:29,4, Producer 651,Type 651,651,2000,5. 12. 2019 19:56:29,5. 12. 2019 20:46:29,7, 
Producer 3710,Type 3710,3710,1500,27. 12. 2019 1:46:29,27. 12. 2019 2:26:29,7, Producer 511,Type 511,511,2000,4. 12. 2019 20:36:29,4. 12. 2019 21:26:29,3, Producer 644,Type 644,644,3500,5. 12. 2019 18:46:29,5. 12. 2019 19:26:29,10, 
Producer 3703,Type 3703,3703,3000,27. 12. 2019 0:36:29,27. 12. 2019 1:16:29,0, Producer 504,Type 504,504,3500,4. 12. 2019 19:26:29,4. 12. 2019 20:06:29,2, Producer 637,Type 637,637,2500,5. 12. 2019 17:36:29,5. 12. 2019 18:26:29,4, 
Producer 3696,Type 3696,3696,2000,26. 12. 2019 23:26:29,27. 12. 2019 0:06:29,4, Producer 371,Type 371,371,2000,5. 12. 2019 23:36:29,6. 12. 2019 0:16:29,6, Producer 497,Type 497,497,2500,4. 12. 2019 18:16:29,4. 12. 2019 19:06:29,1, Producer 630,Type 630,630,1500,5. 12. 2019 16:26:29,5. 12. 2019 17:06:29,9, 
Producer 3689,Type 3689,3689,3500,26. 12. 2019 22:16:29,26. 12. 2019 22:56:29,8, Producer 490,Type 490,490,1500,4. 12. 2019 17:06:29,4. 12. 2019 17:46:29,0, Producer 63,Type 63,63,3000,5. 12. 2019 15:26:29,5. 12. 2019 15:56:29,0, 
Producer 3682,Type 3682,3682,2500,26. 12. 2019 21:06:29,26. 12. 2019 21:46:29,1, Producer 483,Type 483,483,3000,4. 12. 2019 15:56:29,4. 12. 2019 16:46:29,10, Producer 623,Type 623,623,3000,5. 12. 2019 15:16:29,5. 12. 2019 16:06:29,1, 
Producer 3675,Type 3675,3675,1500,26. 12. 2019 19:56:29,26. 12. 2019 20:36:29,5, Producer 476,Type 476,476,2000,4. 12. 2019 14:46:29,4. 12. 2019 15:26:29,9, Producer 49,Type 49,49,3500,1. 12. 2019 15:36:29,1. 12. 2019 16:26:29,10, Producer 616,Type 616,616,2000,5. 12. 2019 14:06:29,5. 12. 2019 14:46:29,4, 
Producer 3668,Type 3668,3668,3000,26. 12. 2019 18:46:29,26. 12. 2019 19:26:29,9, Producer 469,Type 469,469,3500,4. 12. 2019 13:36:29,4. 12. 2019 14:26:29,8, Producer 560,Type 560,560,1500,5. 12. 2019 13:06:29,5. 12. 2019 13:36:29,3, 
Producer 3661,Type 3661,3661,2000,26. 12. 2019 17:36:29,26. 12. 2019 18:16:29,2, Producer 462,Type 462,462,2500,4. 12. 2019 12:26:29,4. 12. 2019 13:06:29,7, Producer 56,Type 56,56,2000,1. 12. 2019 16:46:29,1. 12. 2019 17:26:29,5, Producer 609,Type 609,609,3500,5. 12. 2019 12:56:29,5. 12. 2019 13:46:29,9,track 76 
Producer 3654,Type 3654,3654,3500,26. 12. 2019 16:26:29,26. 12. 2019 17:06:29,6, Producer 455,Type 455,455,1500,4. 12. 2019 11:16:29,4. 12. 2019 12:06:29,6, Producer 602,Type 602,602,2500,5. 12. 2019 11:46:29,5. 12. 2019 12:26:29,1, 
Producer 3647,Type 3647,3647,2500,26. 12. 2019 15:16:29,26. 12. 2019 15:56:29,10, Producer 448,Type 448,448,3000,4. 12. 2019 10:06:29,4. 12. 2019 10:46:29,5, Producer 595,Type 595,595,1500,5. 12. 2019 10:36:29,5. 12. 2019 11:26:29,6,track 1 
Producer 3640,Type 3640,3640,1500,26. 12. 2019 14:06:29,26. 12. 2019 14:46:29,3, Producer 441,Type 441,441,2000,4. 12. 2019 8:56:29,4. 12. 2019 9:46:29,4, Producer 588,Type 588,588,3000,5. 12. 2019 9:26:29,5. 12. 2019 10:06:29,9, 
Producer 3633,Type 3633,3633,3000,26. 12. 2019 12:56:29,26. 12. 2019 13:36:29,7, Producer 434,Type 434,434,3500,4. 12. 2019 7:46:29,4. 12. 2019 8:26:29,3, Producer 581,Type 581,581,2000,5. 12. 2019 8:16:29,5. 12. 2019 9:06:29,3,track 29 
Producer 3626,Type 3626,3626,2000,26. 12. 2019 11:46:29,26. 12. 2019 12:26:29,0, Producer 364,Type 364,364,3500,3. 12. 2019 20:06:29,3. 12. 2019 20:46:29,4, Producer 427,Type 427,427,2500,4. 12. 2019 6:36:29,4. 12. 2019 7:26:29,2, Producer 574,Type 574,574,3500,5. 12. 2019 7:06:29,5. 12. 2019 7:46:29,6,track 74 
Producer 3619,Type 3619,3619,3500,26. 12. 2019 10:36:29,26. 12. 2019 11:16:29,4, Producer 420,Type 420,420,1500,4. 12. 2019 5:26:29,4. 12. 2019 6:06:29,1, Producer 567,Type 567,567,2500,5. 12. 2019 5:56:29,5. 12. 2019 6:46:29,0,track 59 
Producer 3612,Type 3612,3612,2500,26. 12. 2019 9:26:29,26. 12. 2019 10:06:29,8, Producer 413,Type 413,413,3000,4. 12. 2019 4:16:29,4. 12. 2019 5:06:29,0, 
Producer 3605,Type 3605,3605,1500,26. 12. 2019 8:16:29,26. 12. 2019 8:56:29,1, Producer 406,Type 406,406,2000,4. 12. 2019 3:06:29,4. 12. 2019 3:46:29,10, Producer 42,Type 42,42,2500,1. 12. 2019 14:26:29,1. 12. 2019 15:06:29,2, 
Producer 3598,Type 3598,3598,3000,26. 12. 2019 7:06:29,26. 12. 2019 7:46:29,5, 
Producer 3591,Type 3591,3591,2000,26. 12. 2019 5:56:29,26. 12. 2019 6:36:29,9, 
Producer 3584,Type 3584,3584,3500,26. 12. 2019 4:46:29,26. 12. 2019 5:26:29,2, 
Producer 3577,Type 3577,3577,2500,26. 12. 2019 3:36:29,26. 12. 2019 4:16:29,6, 
Producer 3570,Type 3570,3570,1500,26. 12. 2019 2:26:29,26. 12. 2019 3:06:29,10, 
Producer 3563,Type 3563,3563,3000,26. 12. 2019 1:16:29,26. 12. 2019 1:56:29,3, 
Producer 3556,Type 3556,3556,2000,26. 12. 2019 0:06:29,26. 12. 2019 0:46:29,7, Producer 357,Type 357,357,2500,3. 12. 2019 18:56:29,3. 12. 2019 19:46:29,10, 
Producer 3549,Type 3549,3549,3500,25. 12. 2019 22:56:29,25. 12. 2019 23:36:29,0, 
Producer 3542,Type 3542,3542,2500,25. 12. 2019 21:46:29,25. 12. 2019 22:26:29,4, 
Producer 3535,Type 3535,3535,1500,25. 12. 2019 20:36:29,25. 12. 2019 21:16:29,8, 
Producer 3528,Type 3528,3528,3000,25. 12. 2019 19:26:29,25. 12. 2019 20:06:29,1, 
Producer 3521,Type 3521,3521,2000,25. 12. 2019 18:16:29,25. 12. 2019 18:56:29,5, 
Producer 3514,Type 3514,3514,3500,25. 12. 2019 17:06:29,25. 12. 2019 17:46:29,9, 
Producer 3507,Type 3507,3507,2500,25. 12. 2019 15:56:29,25. 12. 2019 16:36:29,2, 
Producer 3500,Type 3500,3500,1500,25. 12. 2019 14:46:29,25. 12. 2019 15:26:29,6, 
Producer 3493,Type 3493,3493,3000,25. 12. 2019 13:36:29,25. 12. 2019 14:16:29,10, 
Producer 3486,Type 3486,3486,2000,25. 12. 2019 12:26:29,25. 12. 2019 13:06:29,3, Producer 35,Type 35,35,1500,4. 12. 2019 0:56:29,4. 12. 2019 1:36:29,1,track 14 
Producer 3479,Type 3479,3479,3500,25. 12. 2019 11:16:29,25. 12. 2019 11:56:29,7, Producer 350,Type 350,350,1500,3. 12. 2019 17:46:29,3. 12. 2019 18:26:29,2, 
Producer 3472,Type 3472,3472,2500,25. 12. 2019 10:06:29,25. 12. 2019 10:46:29,0, 
Producer 3465,Type 3465,3465,1500,25. 12. 2019 8:56:29,25. 12. 2019 9:36:29,4, 
Producer 3458,Type 3458,3458,3000,25. 12. 2019 7:46:29,25. 12. 2019 8:26:29,8, 
Producer 3451,Type 3451,3451,2000,25. 12. 2019 6:36:29,25. 12. 2019 7:16:29,1, 
Producer 3444,Type 3444,3444,3500,25. 12. 2019 5:26:29,25. 12. 2019 6:06:29,5, 
Producer 3437,Type 3437,3437,2500,25. 12. 2019 4:16:29,25. 12. 2019 4:56:29,9, 
Producer 3430,Type 3430,3430,1500,25. 12. 2019 3:06:29,25. 12. 2019 3:46:29,2, 
Producer 3423,Type 3423,3423,3000,25. 12. 2019 1:56:29,25. 12. 2019 2:36:29,6, 
Producer 3416,Type 3416,3416,2000,25. 12. 2019 0:46:29,25. 12. 2019 1:26:29,10, Producer 343,Type 343,343,3000,3. 12. 2019 16:36:29,3. 12. 2019 17:26:29,7,track 6 
Producer 3409,Type 3409,3409,3500,24. 12. 2019 23:36:29,25. 12. 2019 0:16:29,3, 
Producer 3402,Type 3402,3402,2500,24. 12. 2019 22:26:29,24. 12. 2019 23:06:29,7, 
Producer 3395,Type 3395,3395,1500,24. 12. 2019 21:16:29,24. 12. 2019 21:56:29,0, 
Producer 3388,Type 3388,3388,3000,24. 12. 2019 20:06:29,24. 12. 2019 20:46:29,4, 
Producer 3381,Type 3381,3381,2000,24. 12. 2019 18:56:29,24. 12. 2019 19:36:29,8, 
Producer 3374,Type 3374,3374,3500,24. 12. 2019 17:46:29,24. 12. 2019 18:26:29,1, 
Producer 3367,Type 3367,3367,2500,24. 12. 2019 16:36:29,24. 12. 2019 17:16:29,5, 
Producer 3360,Type 3360,3360,1500,24. 12. 2019 15:26:29,24. 12. 2019 16:06:29,9, 
Producer 3353,Type 3353,3353,3000,24. 12. 2019 14:16:29,24. 12. 2019 14:56:29,2, 
Producer 3346,Type 3346,3346,2000,24. 12. 2019 13:06:29,24. 12. 2019 13:46:29,6, Producer 336,Type 336,336,2000,3. 12. 2019 15:26:29,3. 12. 2019 16:06:29,0, 
Producer 3339,Type 3339,3339,3500,24. 12. 2019 11:56:29,24. 12. 2019 12:36:29,10, 
Producer 3332,Type 3332,3332,2500,24. 12. 2019 10:46:29,24. 12. 2019 11:26:29,3, 
Producer 3325,Type 3325,3325,1500,24. 12. 2019 9:36:29,24. 12. 2019 10:16:29,7, 
Producer 3318,Type 3318,3318,3000,24. 12. 2019 8:26:29,24. 12. 2019 9:06:29,0, 
Producer 3311,Type 3311,3311,2000,24. 12. 2019 7:16:29,24. 12. 2019 7:56:29,4, 
Producer 3304,Type 3304,3304,3500,24. 12. 2019 6:06:29,24. 12. 2019 6:46:29,8, 
Producer 3297,Type 3297,3297,2500,24. 12. 2019 4:56:29,24. 12. 2019 5:36:29,1, 
Producer 3290,Type 3290,3290,1500,24. 12. 2019 3:46:29,24. 12. 2019 4:26:29,5, 
Producer 3283,Type 3283,3283,3000,24. 12. 2019 2:36:29,24. 12. 2019 3:16:29,9, 
Producer 3276,Type 3276,3276,2000,24. 12. 2019 1:26:29,24. 12. 2019 2:06:29,2, Producer 329,Type 329,329,3500,6. 12. 2019 1:56:29,6. 12. 2019 2:36:29,9,track X 
Producer 3269,Type 3269,3269,3500,24. 12. 2019 0:16:29,24. 12. 2019 0:56:29,6, 
Producer 3262,Type 3262,3262,2500,23. 12. 2019 23:06:29,23. 12. 2019 23:46:29,10, 
Producer 3255,Type 3255,3255,1500,23. 12. 2019 21:56:29,23. 12. 2019 22:36:29,3, 
Producer 3248,Type 3248,3248,3000,23. 12. 2019 20:46:29,23. 12. 2019 21:26:29,7, 
Producer 3241,Type 3241,3241,2000,23. 12. 2019 19:36:29,23. 12. 2019 20:16:29,0, 
Producer 3234,Type 3234,3234,3500,23. 12. 2019 18:26:29,23. 12. 2019 19:06:29,4, 
Producer 3227,Type 3227,3227,2500,23. 12. 2019 17:16:29,23. 12. 2019 17:56:29,8, 
Producer 3220,Type 3220,3220,1500,23. 12. 2019 16:06:29,23. 12. 2019 16:46:29,1, 
Producer 3213,Type 3213,3213,3000,23. 12. 2019 14:56:29,23. 12. 2019 15:36:29,5, 
Producer 3206,Type 3206,3206,2000,23. 12. 2019 13:46:29,23. 12. 2019 14:26:29,9, Producer 322,Type 322,322,2500,3. 12. 2019 13:06:29,3. 12. 2019 13:46:29,9, 
Producer 3199,Type 3199,3199,3500,23. 12. 2019 12:36:29,23. 12. 2019 13:16:29,2, 
Producer 3192,Type 3192,3192,2500,23. 12. 2019 11:26:29,23. 12. 2019 12:06:29,6, 
Producer 3185,Type 3185,3185,1500,23. 12. 2019 10:16:29,23. 12. 2019 10:56:29,10, 
Producer 3178,Type 3178,3178,3000,23. 12. 2019 9:06:29,23. 12. 2019 9:46:29,3, 
Producer 3171,Type 3171,3171,2000,23. 12. 2019 7:56:29,23. 12. 2019 8:36:29,7, 
Producer 3164,Type 3164,3164,3500,23. 12. 2019 6:46:29,23. 12. 2019 7:26:29,0, 
Producer 3157,Type 3157,3157,2500,23. 12. 2019 5:36:29,23. 12. 2019 6:16:29,4, 
Producer 3150,Type 3150,3150,1500,23. 12. 2019 4:26:29,23. 12. 2019 5:06:29,8, 
Producer 3143,Type 3143,3143,3000,23. 12. 2019 3:16:29,23. 12. 2019 3:56:29,1, 
Producer 3136,Type 3136,3136,2000,23. 12. 2019 2:06:29,23. 12. 2019 2:46:29,5, Producer 315,Type 315,315,1500,5. 12. 2019 17:46:29,5. 12. 2019 18:16:29,3,track 13 
Producer 3129,Type 3129,3129,3500,23. 12. 2019 0:56:29,23. 12. 2019 1:36:29,9, 
Producer 3122,Type 3122,3122,2500,22. 12. 2019 23:46:29,23. 12. 2019 0:26:29,2, 
Producer 3115,Type 3115,3115,1500,22. 12. 2019 22:36:29,22. 12. 2019 23:16:29,6, 
Producer 3108,Type 3108,3108,3000,22. 12. 2019 21:26:29,22. 12. 2019 22:06:29,10, 
Producer 3101,Type 3101,3101,2000,22. 12. 2019 20:16:29,22. 12. 2019 20:56:29,3, 
Producer 3094,Type 3094,3094,3500,22. 12. 2019 19:06:29,22. 12. 2019 19:46:29,7, 
Producer 3087,Type 3087,3087,2500,22. 12. 2019 17:56:29,22. 12. 2019 18:36:29,0, 
Producer 3080,Type 3080,3080,1500,22. 12. 2019 16:46:29,22. 12. 2019 17:26:29,4, 
Producer 3073,Type 3073,3073,3000,22. 12. 2019 15:36:29,22. 12. 2019 16:16:29,8, 
Producer 3066,Type 3066,3066,2000,22. 12. 2019 14:26:29,22. 12. 2019 15:06:29,1, Producer 308,Type 308,308,3000,5. 12. 2019 8:26:29,5. 12. 2019 8:56:29,2,track 60 
Producer 3059,Type 3059,3059,3500,22. 12. 2019 13:16:29,22. 12. 2019 13:56:29,5, 
Producer 3052,Type 3052,3052,2500,22. 12. 2019 12:06:29,22. 12. 2019 12:46:29,9, 
Producer 3045,Type 3045,3045,1500,22. 12. 2019 10:56:29,22. 12. 2019 11:36:29,2, 
Producer 3038,Type 3038,3038,3000,22. 12. 2019 9:46:29,22. 12. 2019 10:26:29,6, 
Producer 3031,Type 3031,3031,2000,22. 12. 2019 8:36:29,22. 12. 2019 9:16:29,10, 
Producer 3024,Type 3024,3024,3500,22. 12. 2019 7:26:29,22. 12. 2019 8:06:29,3, 
Producer 3017,Type 3017,3017,2500,22. 12. 2019 6:16:29,22. 12. 2019 6:56:29,7, 
Producer 3010,Type 3010,3010,1500,22. 12. 2019 5:06:29,22. 12. 2019 5:46:29,0, 
Producer 3003,Type 3003,3003,3000,22. 12. 2019 3:56:29,22. 12. 2019 4:36:29,4, 
Producer 2996,Type 2996,2996,2000,22. 12. 2019 2:46:29,22. 12. 2019 3:26:29,8, Producer 301,Type 301,301,2000,4. 12. 2019 10:16:29,4. 12. 2019 10:56:29,2,track 4 
Producer 2989,Type 2989,2989,3500,22. 12. 2019 1:36:29,22. 12. 2019 2:16:29,1, 
Producer 2982,Type 2982,2982,2500,22. 12. 2019 0:26:29,22. 12. 2019 1:06:29,5, 
Producer 2975,Type 2975,2975,1500,21. 12. 2019 23:16:29,21. 12. 2019 23:56:29,9, 
Producer 2968,Type 2968,2968,3000,21. 12. 2019 22:06:29,21. 12. 2019 22:46:29,2, 
Producer 2961,Type 2961,2961,2000,21. 12. 2019 20:56:29,21. 12. 2019 21:36:29,6, 
Producer 2954,Type 2954,2954,3500,21. 12. 2019 19:46:29,21. 12. 2019 20:26:29,10, 
Producer 2947,Type 2947,2947,2500,21. 12. 2019 18:36:29,21. 12. 2019 19:16:29,3, 
Producer 2940,Type 2940,2940,1500,21. 12. 2019 17:26:29,21. 12. 2019 18:06:29,7, 
Producer 2933,Type 2933,2933,3000,21. 12. 2019 16:16:29,21. 12. 2019 16:56:29,0, 
Producer 2926,Type 2926,2926,2000,21. 12. 2019 15:06:29,21. 12. 2019 15:46:29,4, Producer 294,Type 294,294,3500,3. 12. 2019 8:26:29,3. 12. 2019 9:06:29,1, 
Producer 2919,Type 2919,2919,3500,21. 12. 2019 13:56:29,21. 12. 2019 14:36:29,8, 
Producer 2912,Type 2912,2912,2500,21. 12. 2019 12:46:29,21. 12. 2019 13:26:29,1, 
Producer 2905,Type 2905,2905,1500,21. 12. 2019 11:36:29,21. 12. 2019 12:16:29,5, 
Producer 2898,Type 2898,2898,3000,21. 12. 2019 10:26:29,21. 12. 2019 11:06:29,9, 
Producer 2891,Type 2891,2891,2000,21. 12. 2019 9:16:29,21. 12. 2019 9:56:29,2, 
Producer 2884,Type 2884,2884,3500,21. 12. 2019 8:06:29,21. 12. 2019 8:46:29,6, 
Producer 2877,Type 2877,2877,2500,21. 12. 2019 6:56:29,21. 12. 2019 7:36:29,10, 
Producer 2870,Type 2870,2870,1500,21. 12. 2019 5:46:29,21. 12. 2019 6:26:29,3, 
Producer 2863,Type 2863,2863,3000,21. 12. 2019 4:36:29,21. 12. 2019 5:16:29,7, 
Producer 2856,Type 2856,2856,2000,21. 12. 2019 3:26:29,21. 12. 2019 4:06:29,0, Producer 287,Type 287,287,2500,3. 12. 2019 7:16:29,3. 12. 2019 8:06:29,6, 
Producer 2849,Type 2849,2849,3500,21. 12. 2019 2:16:29,21. 12. 2019 2:56:29,4, 
Producer 2842,Type 2842,2842,2500,21. 12. 2019 1:06:29,21. 12. 2019 1:46:29,8, 
Producer 2835,Type 2835,2835,1500,20. 12. 2019 23:56:29,21. 12. 2019 0:36:29,1, 
Producer 2828,Type 2828,2828,3000,20. 12. 2019 22:46:29,20. 12. 2019 23:26:29,5, 
Producer 2821,Type 2821,2821,2000,20. 12. 2019 21:36:29,20. 12. 2019 22:16:29,9, 
Producer 2814,Type 2814,2814,3500,20. 12. 2019 20:26:29,20. 12. 2019 21:06:29,2, 
Producer 2807,Type 2807,2807,2500,20. 12. 2019 19:16:29,20. 12. 2019 19:56:29,6, 
Producer 2800,Type 2800,2800,1500,20. 12. 2019 18:06:29,20. 12. 2019 18:46:29,10, 
Producer 2793,Type 2793,2793,3000,20. 12. 2019 16:56:29,20. 12. 2019 17:36:29,3, 
Producer 2786,Type 2786,2786,2000,20. 12. 2019 15:46:29,20. 12. 2019 16:26:29,7, Producer 280,Type 280,280,1500,3. 12. 2019 6:06:29,3. 12. 2019 6:46:29,8, 
Producer 2779,Type 2779,2779,3500,20. 12. 2019 14:36:29,20. 12. 2019 15:16:29,0, Producer 28,Type 28,28,3000,1. 12. 2019 12:06:29,1. 12. 2019 12:46:29,9, 
Producer 2772,Type 2772,2772,2500,20. 12. 2019 13:26:29,20. 12. 2019 14:06:29,4, 
Producer 2765,Type 2765,2765,1500,20. 12. 2019 12:16:29,20. 12. 2019 12:56:29,8, 
Producer 2758,Type 2758,2758,3000,20. 12. 2019 11:06:29,20. 12. 2019 11:46:29,1, 
Producer 2751,Type 2751,2751,2000,20. 12. 2019 9:56:29,20. 12. 2019 10:36:29,5, 
Producer 2744,Type 2744,2744,3500,20. 12. 2019 8:46:29,20. 12. 2019 9:26:29,9, 
Producer 2737,Type 2737,2737,2500,20. 12. 2019 7:36:29,20. 12. 2019 8:16:29,2, 
Producer 2730,Type 2730,2730,1500,20. 12. 2019 6:26:29,20. 12. 2019 7:06:29,6, 
Producer 2723,Type 2723,2723,3000,20. 12. 2019 5:16:29,20. 12. 2019 5:56:29,10, 
Producer 2716,Type 2716,2716,2000,20. 12. 2019 4:06:29,20. 12. 2019 4:46:29,3, Producer 273,Type 273,273,3000,4. 12. 2019 4:26:29,4. 12. 2019 4:56:29,10, 
Producer 2709,Type 2709,2709,3500,20. 12. 2019 2:56:29,20. 12. 2019 3:36:29,7, 
Producer 2702,Type 2702,2702,2500,20. 12. 2019 1:46:29,20. 12. 2019 2:26:29,0, 
Producer 2695,Type 2695,2695,1500,20. 12. 2019 0:36:29,20. 12. 2019 1:16:29,4, 
Producer 2688,Type 2688,2688,3000,19. 12. 2019 23:26:29,20. 12. 2019 0:06:29,8, 
Producer 2681,Type 2681,2681,2000,19. 12. 2019 22:16:29,19. 12. 2019 22:56:29,1, 
Producer 2674,Type 2674,2674,3500,19. 12. 2019 21:06:29,19. 12. 2019 21:46:29,5, 
Producer 2667,Type 2667,2667,2500,19. 12. 2019 19:56:29,19. 12. 2019 20:36:29,9, 
Producer 2660,Type 2660,2660,1500,19. 12. 2019 18:46:29,19. 12. 2019 19:26:29,2, 
Producer 2653,Type 2653,2653,3000,19. 12. 2019 17:36:29,19. 12. 2019 18:16:29,6, 
Producer 2646,Type 2646,2646,2000,19. 12. 2019 16:26:29,19. 12. 2019 17:06:29,10, Producer 266,Type 266,266,2000,3. 12. 2019 3:46:29,3. 12. 2019 4:26:29,4, 
Producer 2639,Type 2639,2639,3500,19. 12. 2019 15:16:29,19. 12. 2019 15:56:29,3, 
Producer 2632,Type 2632,2632,2500,19. 12. 2019 14:06:29,19. 12. 2019 14:46:29,7, 
Producer 2625,Type 2625,2625,1500,19. 12. 2019 12:56:29,19. 12. 2019 13:36:29,0, 
Producer 2618,Type 2618,2618,3000,19. 12. 2019 11:46:29,19. 12. 2019 12:26:29,4, 
Producer 2611,Type 2611,2611,2000,19. 12. 2019 10:36:29,19. 12. 2019 11:16:29,8, 
Producer 2604,Type 2604,2604,3500,19. 12. 2019 9:26:29,19. 12. 2019 10:06:29,1, 
Producer 2597,Type 2597,2597,2500,19. 12. 2019 8:16:29,19. 12. 2019 8:56:29,5, 
Producer 2590,Type 2590,2590,1500,19. 12. 2019 7:06:29,19. 12. 2019 7:46:29,9, 
Producer 2583,Type 2583,2583,3000,19. 12. 2019 5:56:29,19. 12. 2019 6:36:29,2, 
Producer 2576,Type 2576,2576,2000,19. 12. 2019 4:46:29,19. 12. 2019 5:26:29,6, Producer 259,Type 259,259,3500,5. 12. 2019 22:26:29,5. 12. 2019 22:56:29,9,track 73 
Producer 2569,Type 2569,2569,3500,19. 12. 2019 3:36:29,19. 12. 2019 4:16:29,10, 
Producer 2562,Type 2562,2562,2500,19. 12. 2019 2:26:29,19. 12. 2019 3:06:29,3, 
Producer 2555,Type 2555,2555,1500,19. 12. 2019 1:16:29,19. 12. 2019 1:56:29,7, 
Producer 2548,Type 2548,2548,3000,19. 12. 2019 0:06:29,19. 12. 2019 0:46:29,0, 
Producer 2541,Type 2541,2541,2000,18. 12. 2019 22:56:29,18. 12. 2019 23:36:29,4, 
Producer 2534,Type 2534,2534,3500,18. 12. 2019 21:46:29,18. 12. 2019 22:26:29,8, 
Producer 2527,Type 2527,2527,2500,18. 12. 2019 20:36:29,18. 12. 2019 21:16:29,1, 
Producer 2520,Type 2520,2520,1500,18. 12. 2019 19:26:29,18. 12. 2019 20:06:29,5, 
Producer 2513,Type 2513,2513,3000,18. 12. 2019 18:16:29,18. 12. 2019 18:56:29,9, 
Producer 2506,Type 2506,2506,2000,18. 12. 2019 17:06:29,18. 12. 2019 17:46:29,2, Producer 252,Type 252,252,2500,3. 12. 2019 1:26:29,3. 12. 2019 2:06:29,0, 
Producer 2499,Type 2499,2499,3500,18. 12. 2019 15:56:29,18. 12. 2019 16:36:29,6, 
Producer 2492,Type 2492,2492,2500,18. 12. 2019 14:46:29,18. 12. 2019 15:26:29,10, 
Producer 2485,Type 2485,2485,1500,18. 12. 2019 13:36:29,18. 12. 2019 14:16:29,3, 
Producer 2478,Type 2478,2478,3000,18. 12. 2019 12:26:29,18. 12. 2019 13:06:29,7, 
Producer 2471,Type 2471,2471,2000,18. 12. 2019 11:16:29,18. 12. 2019 11:56:29,0, 
Producer 2464,Type 2464,2464,3500,18. 12. 2019 10:06:29,18. 12. 2019 10:46:29,4, 
Producer 2457,Type 2457,2457,2500,18. 12. 2019 8:56:29,18. 12. 2019 9:36:29,8, 
Producer 2450,Type 2450,2450,1500,18. 12. 2019 7:46:29,18. 12. 2019 8:26:29,1, 
Producer 2443,Type 2443,2443,3000,18. 12. 2019 6:36:29,18. 12. 2019 7:16:29,5, 
Producer 2436,Type 2436,2436,2000,18. 12. 2019 5:26:29,18. 12. 2019 6:06:29,9, Producer 245,Type 245,245,1500,3. 12. 2019 14:26:29,3. 12. 2019 14:56:29,3,track 10 
Producer 2429,Type 2429,2429,3500,18. 12. 2019 4:16:29,18. 12. 2019 4:56:29,2, 
Producer 2422,Type 2422,2422,2500,18. 12. 2019 3:06:29,18. 12. 2019 3:46:29,6, 
Producer 2415,Type 2415,2415,1500,18. 12. 2019 1:56:29,18. 12. 2019 2:36:29,10, 
Producer 2408,Type 2408,2408,3000,18. 12. 2019 0:46:29,18. 12. 2019 1:26:29,3, 
Producer 2401,Type 2401,2401,2000,17. 12. 2019 23:36:29,18. 12. 2019 0:16:29,7, 
Producer 2394,Type 2394,2394,3500,17. 12. 2019 22:26:29,17. 12. 2019 23:06:29,0, 
Producer 2387,Type 2387,2387,2500,17. 12. 2019 21:16:29,17. 12. 2019 21:56:29,4, 
Producer 2380,Type 2380,2380,1500,17. 12. 2019 20:06:29,17. 12. 2019 20:46:29,8, 
Producer 2373,Type 2373,2373,3000,17. 12. 2019 18:56:29,17. 12. 2019 19:36:29,1, 
Producer 2366,Type 2366,2366,2000,17. 12. 2019 17:46:29,17. 12. 2019 18:26:29,5, Producer 238,Type 238,238,3000,2. 12. 2019 23:06:29,2. 12. 2019 23:46:29,7, 
Producer 2359,Type 2359,2359,3500,17. 12. 2019 16:36:29,17. 12. 2019 17:16:29,9, 
Producer 2352,Type 2352,2352,2500,17. 12. 2019 15:26:29,17. 12. 2019 16:06:29,2, 
Producer 2345,Type 2345,2345,1500,17. 12. 2019 14:16:29,17. 12. 2019 14:56:29,6, 
Producer 2338,Type 2338,2338,3000,17. 12. 2019 13:06:29,17. 12. 2019 13:46:29,10, 
Producer 2331,Type 2331,2331,2000,17. 12. 2019 11:56:29,17. 12. 2019 12:36:29,3, 
Producer 2324,Type 2324,2324,3500,17. 12. 2019 10:46:29,17. 12. 2019 11:26:29,7, 
Producer 2317,Type 2317,2317,2500,17. 12. 2019 9:36:29,17. 12. 2019 10:16:29,0, 
Producer 2310,Type 2310,2310,1500,17. 12. 2019 8:26:29,17. 12. 2019 9:06:29,4, 
Producer 2303,Type 2303,2303,3000,17. 12. 2019 7:16:29,17. 12. 2019 7:56:29,8, 
Producer 2296,Type 2296,2296,2000,17. 12. 2019 6:06:29,17. 12. 2019 6:46:29,1, Producer 231,Type 231,231,2000,6. 12. 2019 10:06:29,6. 12. 2019 10:36:29,2, 
Producer 2289,Type 2289,2289,3500,17. 12. 2019 4:56:29,17. 12. 2019 5:36:29,5, 
Producer 2282,Type 2282,2282,2500,17. 12. 2019 3:46:29,17. 12. 2019 4:26:29,9, 
Producer 2275,Type 2275,2275,1500,17. 12. 2019 2:36:29,17. 12. 2019 3:16:29,2, 
Producer 2268,Type 2268,2268,3000,17. 12. 2019 1:26:29,17. 12. 2019 2:06:29,6, 
Producer 2261,Type 2261,2261,2000,17. 12. 2019 0:16:29,17. 12. 2019 0:56:29,10, 
Producer 2254,Type 2254,2254,3500,16. 12. 2019 23:06:29,16. 12. 2019 23:46:29,3, 
Producer 2247,Type 2247,2247,2500,16. 12. 2019 21:56:29,16. 12. 2019 22:36:29,7, 
Producer 2240,Type 2240,2240,1500,16. 12. 2019 20:46:29,16. 12. 2019 21:26:29,0, 
Producer 2233,Type 2233,2233,3000,16. 12. 2019 19:36:29,16. 12. 2019 20:16:29,4, 
Producer 2226,Type 2226,2226,2000,16. 12. 2019 18:26:29,16. 12. 2019 19:06:29,8, Producer 224,Type 224,224,3500,2. 12. 2019 20:46:29,2. 12. 2019 21:26:29,3, 
Producer 2219,Type 2219,2219,3500,16. 12. 2019 17:16:29,16. 12. 2019 17:56:29,1, 
Producer 2212,Type 2212,2212,2500,16. 12. 2019 16:06:29,16. 12. 2019 16:46:29,5, 
Producer 2205,Type 2205,2205,1500,16. 12. 2019 14:56:29,16. 12. 2019 15:36:29,9, 
Producer 2198,Type 2198,2198,3000,16. 12. 2019 13:46:29,16. 12. 2019 14:26:29,2, 
Producer 2191,Type 2191,2191,2000,16. 12. 2019 12:36:29,16. 12. 2019 13:16:29,6, 
Producer 2184,Type 2184,2184,3500,16. 12. 2019 11:26:29,16. 12. 2019 12:06:29,10, 
Producer 2177,Type 2177,2177,2500,16. 12. 2019 10:16:29,16. 12. 2019 10:56:29,3, 
Producer 2170,Type 2170,2170,1500,16. 12. 2019 9:06:29,16. 12. 2019 9:46:29,7, 
Producer 2163,Type 2163,2163,3000,16. 12. 2019 7:56:29,16. 12. 2019 8:36:29,0, 
Producer 2156,Type 2156,2156,2000,16. 12. 2019 6:46:29,16. 12. 2019 7:26:29,4, Producer 217,Type 217,217,2500,5. 12. 2019 21:16:29,5. 12. 2019 21:56:29,3, 
Producer 2149,Type 2149,2149,3500,16. 12. 2019 5:36:29,16. 12. 2019 6:16:29,8, 
Producer 2142,Type 2142,2142,2500,16. 12. 2019 4:26:29,16. 12. 2019 5:06:29,1, 
Producer 2135,Type 2135,2135,1500,16. 12. 2019 3:16:29,16. 12. 2019 3:56:29,5, 
Producer 2128,Type 2128,2128,3000,16. 12. 2019 2:06:29,16. 12. 2019 2:46:29,9, 
Producer 2121,Type 2121,2121,2000,16. 12. 2019 0:56:29,16. 12. 2019 1:36:29,2, 
Producer 2114,Type 2114,2114,3500,15. 12. 2019 23:46:29,16. 12. 2019 0:26:29,6, 
Producer 2107,Type 2107,2107,2500,15. 12. 2019 22:36:29,15. 12. 2019 23:16:29,10, 
Producer 2100,Type 2100,2100,1500,15. 12. 2019 21:26:29,15. 12. 2019 22:06:29,3, 
Producer 2093,Type 2093,2093,3000,15. 12. 2019 20:16:29,15. 12. 2019 20:56:29,7, 
Producer 2086,Type 2086,2086,2000,15. 12. 2019 19:06:29,15. 12. 2019 19:46:29,0, Producer 210,Type 210,210,1500,2. 12. 2019 18:26:29,2. 12. 2019 19:06:29,10, 
Producer 2079,Type 2079,2079,3500,15. 12. 2019 17:56:29,15. 12. 2019 18:36:29,4, Producer 21,Type 21,21,2000,2. 12. 2019 12:46:29,2. 12. 2019 13:16:29,4, 
Producer 2072,Type 2072,2072,2500,15. 12. 2019 16:46:29,15. 12. 2019 17:26:29,8, 
Producer 2065,Type 2065,2065,1500,15. 12. 2019 15:36:29,15. 12. 2019 16:16:29,1, 
Producer 2058,Type 2058,2058,3000,15. 12. 2019 14:26:29,15. 12. 2019 15:06:29,5, 
Producer 2051,Type 2051,2051,2000,15. 12. 2019 13:16:29,15. 12. 2019 13:56:29,9, 
Producer 2044,Type 2044,2044,3500,15. 12. 2019 12:06:29,15. 12. 2019 12:46:29,2, 
Producer 2037,Type 2037,2037,2500,15. 12. 2019 10:56:29,15. 12. 2019 11:36:29,6, 
Producer 2030,Type 2030,2030,1500,15. 12. 2019 9:46:29,15. 12. 2019 10:26:29,10, 
Producer 2023,Type 2023,2023,3000,15. 12. 2019 8:36:29,15. 12. 2019 9:16:29,3, 
Producer 2016,Type 2016,2016,2000,15. 12. 2019 7:26:29,15. 12. 2019 8:06:29,7, Producer 203,Type 203,203,3000,4. 12. 2019 20:46:29,4. 12. 2019 21:16:29,9, 
Producer 2009,Type 2009,2009,3500,15. 12. 2019 6:16:29,15. 12. 2019 6:56:29,0, 
Producer 2002,Type 2002,2002,2500,15. 12. 2019 5:06:29,15. 12. 2019 5:46:29,4, 
Producer 1995,Type 1995,1995,1500,15. 12. 2019 3:56:29,15. 12. 2019 4:36:29,8, 
Producer 1988,Type 1988,1988,3000,15. 12. 2019 2:46:29,15. 12. 2019 3:26:29,1, 
Producer 1981,Type 1981,1981,2000,15. 12. 2019 1:36:29,15. 12. 2019 2:16:29,5, 
Producer 1974,Type 1974,1974,3500,15. 12. 2019 0:26:29,15. 12. 2019 1:06:29,9, 
Producer 1967,Type 1967,1967,2500,14. 12. 2019 23:16:29,14. 12. 2019 23:56:29,2, 
Producer 1960,Type 1960,1960,1500,14. 12. 2019 22:06:29,14. 12. 2019 22:46:29,6, 
Producer 1953,Type 1953,1953,3000,14. 12. 2019 20:56:29,14. 12. 2019 21:36:29,10, 
Producer 1946,Type 1946,1946,2000,14. 12. 2019 19:46:29,14. 12. 2019 20:26:29,3, Producer 196,Type 196,196,2000,4. 12. 2019 21:56:29,4. 12. 2019 22:36:29,6, 
Producer 1939,Type 1939,1939,3500,14. 12. 2019 18:36:29,14. 12. 2019 19:16:29,7, 
Producer 1932,Type 1932,1932,2500,14. 12. 2019 17:26:29,14. 12. 2019 18:06:29,0, 
Producer 1925,Type 1925,1925,1500,14. 12. 2019 16:16:29,14. 12. 2019 16:56:29,4, 
Producer 1918,Type 1918,1918,3000,14. 12. 2019 15:06:29,14. 12. 2019 15:46:29,8, 
Producer 1911,Type 1911,1911,2000,14. 12. 2019 13:56:29,14. 12. 2019 14:36:29,1, 
Producer 1904,Type 1904,1904,3500,14. 12. 2019 12:46:29,14. 12. 2019 13:26:29,5, 
Producer 1897,Type 1897,1897,2500,14. 12. 2019 11:36:29,14. 12. 2019 12:16:29,9, 
Producer 1890,Type 1890,1890,1500,14. 12. 2019 10:26:29,14. 12. 2019 11:06:29,2, 
Producer 1883,Type 1883,1883,3000,14. 12. 2019 9:16:29,14. 12. 2019 9:56:29,6, 
Producer 1876,Type 1876,1876,2000,14. 12. 2019 8:06:29,14. 12. 2019 8:46:29,10, Producer 189,Type 189,189,3500,6. 12. 2019 3:06:29,6. 12. 2019 3:36:29,4,track 72 
Producer 1869,Type 1869,1869,3500,14. 12. 2019 6:56:29,14. 12. 2019 7:36:29,3, 
Producer 1862,Type 1862,1862,2500,14. 12. 2019 5:46:29,14. 12. 2019 6:26:29,7, 
Producer 1855,Type 1855,1855,1500,14. 12. 2019 4:36:29,14. 12. 2019 5:16:29,0, 
Producer 1848,Type 1848,1848,3000,14. 12. 2019 3:26:29,14. 12. 2019 4:06:29,4, 
Producer 1841,Type 1841,1841,2000,14. 12. 2019 2:16:29,14. 12. 2019 2:56:29,8, 
Producer 1834,Type 1834,1834,3500,14. 12. 2019 1:06:29,14. 12. 2019 1:46:29,1, 
Producer 1827,Type 1827,1827,2500,13. 12. 2019 23:56:29,14. 12. 2019 0:36:29,5, 
Producer 1820,Type 1820,1820,1500,13. 12. 2019 22:46:29,13. 12. 2019 23:26:29,9, 
Producer 1813,Type 1813,1813,3000,13. 12. 2019 21:36:29,13. 12. 2019 22:16:29,2, 
Producer 1806,Type 1806,1806,2000,13. 12. 2019 20:26:29,13. 12. 2019 21:06:29,6, Producer 182,Type 182,182,2500,2. 12. 2019 13:46:29,2. 12. 2019 14:26:29,2, 
Producer 1799,Type 1799,1799,3500,13. 12. 2019 19:16:29,13. 12. 2019 19:56:29,10, 
Producer 1792,Type 1792,1792,2500,13. 12. 2019 18:06:29,13. 12. 2019 18:46:29,3, 
Producer 1785,Type 1785,1785,1500,13. 12. 2019 16:56:29,13. 12. 2019 17:36:29,7, 
Producer 1778,Type 1778,1778,3000,13. 12. 2019 15:46:29,13. 12. 2019 16:26:29,0, 
Producer 1771,Type 1771,1771,2000,13. 12. 2019 14:36:29,13. 12. 2019 15:16:29,4, 
Producer 1764,Type 1764,1764,3500,13. 12. 2019 13:26:29,13. 12. 2019 14:06:29,8, 
Producer 1757,Type 1757,1757,2500,13. 12. 2019 12:16:29,13. 12. 2019 12:56:29,1, 
Producer 1750,Type 1750,1750,1500,13. 12. 2019 11:06:29,13. 12. 2019 11:46:29,5, 
Producer 1743,Type 1743,1743,3000,13. 12. 2019 9:56:29,13. 12. 2019 10:36:29,9, 
Producer 1736,Type 1736,1736,2000,13. 12. 2019 8:46:29,13. 12. 2019 9:26:29,2, Producer 175,Type 175,175,1500,6. 12. 2019 5:26:29,6. 12. 2019 5:56:29,7,track 19 
Producer 1729,Type 1729,1729,3500,13. 12. 2019 7:36:29,13. 12. 2019 8:16:29,6, 
Producer 1722,Type 1722,1722,2500,13. 12. 2019 6:26:29,13. 12. 2019 7:06:29,10, 
Producer 1715,Type 1715,1715,1500,13. 12. 2019 5:16:29,13. 12. 2019 5:56:29,3, 
Producer 1708,Type 1708,1708,3000,13. 12. 2019 4:06:29,13. 12. 2019 4:46:29,7, 
Producer 1701,Type 1701,1701,2000,13. 12. 2019 2:56:29,13. 12. 2019 3:36:29,0, 
Producer 1694,Type 1694,1694,3500,13. 12. 2019 1:46:29,13. 12. 2019 2:26:29,4, 
Producer 1687,Type 1687,1687,2500,13. 12. 2019 0:36:29,13. 12. 2019 1:16:29,8, 
Producer 1680,Type 1680,1680,1500,12. 12. 2019 23:26:29,13. 12. 2019 0:06:29,1, 
Producer 1673,Type 1673,1673,3000,12. 12. 2019 22:16:29,12. 12. 2019 22:56:29,5, 
Producer 1666,Type 1666,1666,2000,12. 12. 2019 21:06:29,12. 12. 2019 21:46:29,9, Producer 168,Type 168,168,3000,3. 12. 2019 13:16:29,3. 12. 2019 13:56:29,8, 
Producer 1659,Type 1659,1659,3500,12. 12. 2019 19:56:29,12. 12. 2019 20:36:29,2, 
Producer 1652,Type 1652,1652,2500,12. 12. 2019 18:46:29,12. 12. 2019 19:26:29,6, 
Producer 1645,Type 1645,1645,1500,12. 12. 2019 17:36:29,12. 12. 2019 18:16:29,10, 
Producer 1638,Type 1638,1638,3000,12. 12. 2019 16:26:29,12. 12. 2019 17:06:29,3, 
Producer 1631,Type 1631,1631,2000,12. 12. 2019 15:16:29,12. 12. 2019 15:56:29,7, 
Producer 1624,Type 1624,1624,3500,12. 12. 2019 14:06:29,12. 12. 2019 14:46:29,0, 
Producer 1617,Type 1617,1617,2500,12. 12. 2019 12:56:29,12. 12. 2019 13:36:29,4, 
Producer 1610,Type 1610,1610,1500,12. 12. 2019 11:46:29,12. 12. 2019 12:26:29,8, 
Producer 1603,Type 1603,1603,3000,12. 12. 2019 10:36:29,12. 12. 2019 11:16:29,1, 
Producer 1596,Type 1596,1596,2000,12. 12. 2019 9:26:29,12. 12. 2019 10:06:29,5, Producer 161,Type 161,161,2000,4. 12. 2019 5:36:29,4. 12. 2019 6:16:29,7,track 26 
Producer 1589,Type 1589,1589,3500,12. 12. 2019 8:16:29,12. 12. 2019 8:56:29,9, 
Producer 1582,Type 1582,1582,2500,12. 12. 2019 7:06:29,12. 12. 2019 7:46:29,2, 
Producer 1575,Type 1575,1575,1500,12. 12. 2019 5:56:29,12. 12. 2019 6:36:29,6, 
Producer 1568,Type 1568,1568,3000,12. 12. 2019 4:46:29,12. 12. 2019 5:26:29,10, 
Producer 1561,Type 1561,1561,2000,12. 12. 2019 3:36:29,12. 12. 2019 4:16:29,3, 
Producer 1554,Type 1554,1554,3500,12. 12. 2019 2:26:29,12. 12. 2019 3:06:29,7, 
Producer 1547,Type 1547,1547,2500,12. 12. 2019 1:16:29,12. 12. 2019 1:56:29,0, 
Producer 1540,Type 1540,1540,1500,12. 12. 2019 0:06:29,12. 12. 2019 0:46:29,4, 
Producer 1533,Type 1533,1533,3000,11. 12. 2019 22:56:29,11. 12. 2019 23:36:29,8, 
Producer 1526,Type 1526,1526,2000,11. 12. 2019 21:46:29,11. 12. 2019 22:26:29,1, Producer 154,Type 154,154,3500,6. 12. 2019 8:56:29,6. 12. 2019 9:36:29,7,track 82 
Producer 1519,Type 1519,1519,3500,11. 12. 2019 20:36:29,11. 12. 2019 21:16:29,5, 
Producer 1512,Type 1512,1512,2500,11. 12. 2019 19:26:29,11. 12. 2019 20:06:29,9, 
Producer 1505,Type 1505,1505,1500,11. 12. 2019 18:16:29,11. 12. 2019 18:56:29,2, 
Producer 1498,Type 1498,1498,3000,11. 12. 2019 17:06:29,11. 12. 2019 17:46:29,6, 
Producer 1491,Type 1491,1491,2000,11. 12. 2019 15:56:29,11. 12. 2019 16:36:29,10, 
Producer 1484,Type 1484,1484,3500,11. 12. 2019 14:46:29,11. 12. 2019 15:26:29,3, 
Producer 1477,Type 1477,1477,2500,11. 12. 2019 13:36:29,11. 12. 2019 14:16:29,7, 
Producer 1470,Type 1470,1470,1500,11. 12. 2019 12:26:29,11. 12. 2019 13:06:29,0, 
Producer 1463,Type 1463,1463,3000,11. 12. 2019 11:16:29,11. 12. 2019 11:56:29,4, 
Producer 1456,Type 1456,1456,2000,11. 12. 2019 10:06:29,11. 12. 2019 10:46:29,8, Producer 147,Type 147,147,2500,5. 12. 2019 11:56:29,5. 12. 2019 12:36:29,2, 
Producer 1449,Type 1449,1449,3500,11. 12. 2019 8:56:29,11. 12. 2019 9:36:29,1, 
Producer 1442,Type 1442,1442,2500,11. 12. 2019 7:46:29,11. 12. 2019 8:26:29,5, 
Producer 1435,Type 1435,1435,1500,11. 12. 2019 6:36:29,11. 12. 2019 7:16:29,9, 
Producer 1428,Type 1428,1428,3000,11. 12. 2019 5:26:29,11. 12. 2019 6:06:29,2, 
Producer 1421,Type 1421,1421,2000,11. 12. 2019 4:16:29,11. 12. 2019 4:56:29,6, 
Producer 1414,Type 1414,1414,3500,11. 12. 2019 3:06:29,11. 12. 2019 3:46:29,10, 
Producer 1407,Type 1407,1407,2500,11. 12. 2019 1:56:29,11. 12. 2019 2:36:29,3, 
Producer 1400,Type 1400,1400,1500,11. 12. 2019 0:46:29,11. 12. 2019 1:26:29,7, 
Producer 1393,Type 1393,1393,3000,10. 12. 2019 23:36:29,11. 12. 2019 0:16:29,0, 
Producer 1386,Type 1386,1386,2000,10. 12. 2019 22:26:29,10. 12. 2019 23:06:29,4, Producer 14,Type 14,14,3500,4. 12. 2019 2:06:29,4. 12. 2019 2:36:29,7,track 8 
Producer 1379,Type 1379,1379,3500,10. 12. 2019 21:16:29,10. 12. 2019 21:56:29,8, Producer 140,Type 140,140,1500,2. 12. 2019 6:46:29,2. 12. 2019 7:26:29,4, 
Producer 1372,Type 1372,1372,2500,10. 12. 2019 20:06:29,10. 12. 2019 20:46:29,1, 
Producer 1365,Type 1365,1365,1500,10. 12. 2019 18:56:29,10. 12. 2019 19:36:29,5, 
Producer 1358,Type 1358,1358,3000,10. 12. 2019 17:46:29,10. 12. 2019 18:26:29,9, 
Producer 1351,Type 1351,1351,2000,10. 12. 2019 16:36:29,10. 12. 2019 17:16:29,2, 
Producer 1344,Type 1344,1344,3500,10. 12. 2019 15:26:29,10. 12. 2019 16:06:29,6, 
Producer 1337,Type 1337,1337,2500,10. 12. 2019 14:16:29,10. 12. 2019 14:56:29,10, 
Producer 1330,Type 1330,1330,1500,10. 12. 2019 13:06:29,10. 12. 2019 13:46:29,3, 
Producer 1323,Type 1323,1323,3000,10. 12. 2019 11:56:29,10. 12. 2019 12:36:29,7, 
Producer 1316,Type 1316,1316,2000,10. 12. 2019 10:46:29,10. 12. 2019 11:26:29,0, Producer 133,Type 133,133,3000,5. 12. 2019 9:36:29,5. 12. 2019 10:16:29,10, 
Producer 1309,Type 1309,1309,3500,10. 12. 2019 9:36:29,10. 12. 2019 10:16:29,4, 
Producer 1302,Type 1302,1302,2500,10. 12. 2019 8:26:29,10. 12. 2019 9:06:29,8, 
Producer 1295,Type 1295,1295,1500,10. 12. 2019 7:16:29,10. 12. 2019 7:56:29,1, 
Producer 1288,Type 1288,1288,3000,10. 12. 2019 6:06:29,10. 12. 2019 6:46:29,5, 
Producer 1281,Type 1281,1281,2000,10. 12. 2019 4:56:29,10. 12. 2019 5:36:29,9, 
Producer 1274,Type 1274,1274,3500,10. 12. 2019 3:46:29,10. 12. 2019 4:26:29,2, 
Producer 1267,Type 1267,1267,2500,10. 12. 2019 2:36:29,10. 12. 2019 3:16:29,6, 
Producer 1260,Type 1260,1260,1500,10. 12. 2019 1:26:29,10. 12. 2019 2:06:29,10, 
Producer 1253,Type 1253,1253,3000,10. 12. 2019 0:16:29,10. 12. 2019 0:56:29,3, 
Producer 1246,Type 1246,1246,2000,9. 12. 2019 23:06:29,9. 12. 2019 23:46:29,7, Producer 126,Type 126,126,2000,2. 12. 2019 4:26:29,2. 12. 2019 5:06:29,7, 
Producer 1239,Type 1239,1239,3500,9. 12. 2019 21:56:29,9. 12. 2019 22:36:29,0, 
Producer 1232,Type 1232,1232,2500,9. 12. 2019 20:46:29,9. 12. 2019 21:26:29,4, 
Producer 1225,Type 1225,1225,1500,9. 12. 2019 19:36:29,9. 12. 2019 20:16:29,8, 
Producer 1218,Type 1218,1218,3000,9. 12. 2019 18:26:29,9. 12. 2019 19:06:29,1, 
Producer 1211,Type 1211,1211,2000,9. 12. 2019 17:16:29,9. 12. 2019 17:56:29,5, 
Producer 1204,Type 1204,1204,3500,9. 12. 2019 16:06:29,9. 12. 2019 16:46:29,9, 
Producer 1197,Type 1197,1197,2500,9. 12. 2019 14:56:29,9. 12. 2019 15:36:29,2, 
Producer 1190,Type 1190,1190,1500,9. 12. 2019 13:46:29,9. 12. 2019 14:26:29,6, 
Producer 1169,Type 1169,1169,3500,9. 12. 2019 12:46:29,9. 12. 2019 13:16:29,10,track 88 
Producer 1162,Type 1162,1162,2500,9. 12. 2019 9:06:29,9. 12. 2019 9:46:29,0, Producer 1183,Type 1183,1183,3000,9. 12. 2019 12:36:29,9. 12. 2019 13:26:29,0, 
Producer 1155,Type 1155,1155,1500,9. 12. 2019 7:56:29,9. 12. 2019 8:36:29,4, Producer 1176,Type 1176,1176,2000,9. 12. 2019 11:26:29,9. 12. 2019 12:06:29,2, Producer 119,Type 119,119,3500,6. 12. 2019 7:46:29,6. 12. 2019 8:16:29,10,track 81 
Producer 1148,Type 1148,1148,3000,9. 12. 2019 6:46:29,9. 12. 2019 7:26:29,8, 
Producer 1134,Type 1134,1134,3500,9. 12. 2019 5:46:29,9. 12. 2019 6:16:29,1,track 87 
Producer 1127,Type 1127,1127,2500,9. 12. 2019 3:16:29,9. 12. 2019 3:56:29,9, Producer 1141,Type 1141,1141,2000,9. 12. 2019 5:36:29,9. 12. 2019 6:26:29,2, 
Producer 1120,Type 1120,1120,1500,9. 12. 2019 2:06:29,9. 12. 2019 2:46:29,2, 
Producer 1099,Type 1099,1099,3500,9. 12. 2019 1:06:29,9. 12. 2019 1:36:29,6,track 86 
Producer 1092,Type 1092,1092,2500,8. 12. 2019 21:26:29,8. 12. 2019 22:06:29,7, Producer 1113,Type 1113,1113,3000,9. 12. 2019 0:56:29,9. 12. 2019 1:46:29,7, 
Producer 1085,Type 1085,1085,1500,8. 12. 2019 20:16:29,8. 12. 2019 20:56:29,0, Producer 1106,Type 1106,1106,2000,8. 12. 2019 23:46:29,9. 12. 2019 0:26:29,5, Producer 112,Type 112,112,2500,3. 12. 2019 16:46:29,3. 12. 2019 17:16:29,6, 
Producer 1078,Type 1078,1078,3000,8. 12. 2019 19:06:29,8. 12. 2019 19:46:29,4, 
Producer 1064,Type 1064,1064,3500,8. 12. 2019 18:06:29,8. 12. 2019 18:36:29,8,track 85 
Producer 1057,Type 1057,1057,2500,8. 12. 2019 15:36:29,8. 12. 2019 16:16:29,5, Producer 1071,Type 1071,1071,2000,8. 12. 2019 17:56:29,8. 12. 2019 18:46:29,9, 
Producer 1050,Type 1050,1050,1500,8. 12. 2019 14:26:29,8. 12. 2019 15:06:29,9, 
Producer 1029,Type 1029,1029,3500,8. 12. 2019 13:26:29,8. 12. 2019 13:56:29,2,track 84 
Producer 1022,Type 1022,1022,2500,8. 12. 2019 9:46:29,8. 12. 2019 10:26:29,3, Producer 1043,Type 1043,1043,3000,8. 12. 2019 13:16:29,8. 12. 2019 14:06:29,3, 
Producer 1015,Type 1015,1015,1500,8. 12. 2019 8:36:29,8. 12. 2019 9:16:29,7, Producer 1036,Type 1036,1036,2000,8. 12. 2019 12:06:29,8. 12. 2019 12:46:29,5, Producer 105,Type 105,105,1500,6. 12. 2019 4:16:29,6. 12. 2019 4:56:29,1,track 18 
Producer 1008,Type 1008,1008,3000,8. 12. 2019 7:26:29,8. 12. 2019 8:06:29,0, 
Producer 1001,Type 1001,1001,2000,8. 12. 2019 6:16:29,8. 12. 2019 7:06:29,5, 
Producer 0,Type 0,0,1500,5. 12. 2019 14:16:29,5. 12. 2019 14:56:29,5,track 2 
